[Running] cd "c:\Users\tirth\Desktop\RL_lab2\" && g++ RL_lab2.cpp -o RL_lab2 && "c:\Users\tirth\Desktop\RL_lab2\"RL_lab2
POLICY EVALUTION[1]
ITER[0] ->
0.00, 0.00, 0.00, 50.00, 
0.00, XX.XX 0.00, -50.00, 
0.00, 0.00, 0.00, 0.00, 
0.00, 0.00, 0.00, 0.00, 

ITER[1] ->
-1.00 -1.00 10.50 50.00 
-1.00 XX.XX -12.00 -50.00 
-1.00 -1.00 -1.00 -12.00 
-1.00 -1.00 -1.00 -1.00 

ITER[2] ->
-1.90 0.69 9.94 50.00 
-1.90 XX.XX -12.56 -50.00 
-1.90 -1.90 -6.85 -15.15 
-1.90 -1.90 -1.90 -4.38 

ITER[3] ->
-2.13 1.12 10.06 50.00 
-2.71 XX.XX -14.13 -50.00 
-2.71 -3.82 -8.09 -17.93 
-2.71 -2.71 -4.38 -6.80 

ITER[4] ->
-2.32 1.29 9.84 50.00 
-3.31 XX.XX -14.74 -50.00 
-3.69 -4.90 -10.06 -19.39 
-3.44 -4.07 -5.95 -9.08 

ITER[5] ->
-2.50 1.27 9.69 50.00 
-3.84 XX.XX -15.37 -50.00 
-4.45 -6.11 -11.12 -20.67 
-4.29 -5.13 -7.56 -10.79 

ITER[6] ->
-2.70 1.19 9.51 50.00 
-4.29 XX.XX -15.78 -50.00 
-5.21 -7.03 -12.18 -21.58 
-5.09 -6.20 -8.78 -12.21 

ITER[7] ->
-2.91 1.07 9.36 50.00 
-4.71 XX.XX -16.15 -50.00 
-5.86 -7.89 -12.96 -22.34 
-5.85 -7.10 -9.86 -13.32 

ITER[8] ->
-3.13 0.93 9.21 50.00 
-5.09 XX.XX -16.45 -50.00 
-6.47 -8.61 -13.65 -22.94 
-6.55 -7.91 -10.73 -14.24 

ITER[9] ->
-3.35 0.79 9.08 50.00 
-5.45 XX.XX -16.70 -50.00 
-7.01 -9.24 -14.21 -23.44 
-7.18 -8.60 -11.47 -14.98 

ITER[10] ->
-3.56 0.64 8.96 50.00 
-5.78 XX.XX -16.91 -50.00 
-7.50 -9.79 -14.69 -23.84 
-7.75 -9.21 -12.09 -15.60 

ITER[11] ->
-3.76 0.51 8.86 50.00 
-6.09 XX.XX -17.09 -50.00 
-7.94 -10.27 -15.09 -24.18 
-8.25 -9.74 -12.61 -16.10 

ITER[12] ->
-3.95 0.38 8.76 50.00 
-6.37 XX.XX -17.25 -50.00 
-8.32 -10.68 -15.43 -24.46 
-8.69 -10.19 -13.05 -16.52 

ITER[13] ->
-4.13 0.25 8.67 50.00 
-6.63 XX.XX -17.38 -50.00 
-8.66 -11.04 -15.72 -24.69 
-9.08 -10.59 -13.42 -16.87 

ITER[14] ->
-4.29 0.14 8.60 50.00 
-6.86 XX.XX -17.50 -50.00 
-8.97 -11.35 -15.97 -24.89 
-9.42 -10.93 -13.74 -17.17 

ITER[15] ->
-4.44 0.03 8.53 50.00 
-7.07 XX.XX -17.60 -50.00 
-9.23 -11.62 -16.18 -25.06 
-9.71 -11.22 -14.01 -17.42 

ITER[16] ->
-4.58 -0.07 8.47 50.00 
-7.26 XX.XX -17.68 -50.00 
-9.47 -11.86 -16.36 -25.20 
-9.97 -11.48 -14.24 -17.63 

ITER[17] ->
-4.71 -0.16 8.41 50.00 
-7.43 XX.XX -17.76 -50.00 
-9.68 -12.06 -16.52 -25.32 
-10.20 -11.70 -14.43 -17.80 

ITER[18] ->
-4.83 -0.24 8.36 50.00 
-7.58 XX.XX -17.82 -50.00 
-9.86 -12.24 -16.65 -25.42 
-10.40 -11.89 -14.60 -17.96 

ITER[19] ->
-4.93 -0.31 8.32 50.00 
-7.72 XX.XX -17.87 -50.00 
-10.02 -12.39 -16.77 -25.51 
-10.57 -12.05 -14.75 -18.09 

ITER[20] ->
-5.02 -0.38 8.28 50.00 
-7.84 XX.XX -17.92 -50.00 
-10.16 -12.53 -16.87 -25.58 
-10.72 -12.20 -14.87 -18.20 

ITER[21] ->
-5.11 -0.44 8.25 50.00 
-7.94 XX.XX -17.96 -50.00 
-10.28 -12.64 -16.95 -25.64 
-10.86 -12.32 -14.98 -18.29 

ITER[22] ->
-5.18 -0.49 8.21 50.00 
-8.04 XX.XX -18.00 -50.00 
-10.39 -12.75 -17.03 -25.70 
-10.97 -12.43 -15.07 -18.37 

ITER[23] ->
-5.25 -0.54 8.19 50.00 
-8.12 XX.XX -18.03 -50.00 
-10.48 -12.83 -17.09 -25.75 
-11.07 -12.52 -15.15 -18.44 

ITER[24] ->
-5.31 -0.58 8.16 50.00 
-8.19 XX.XX -18.06 -50.00 
-10.56 -12.91 -17.15 -25.79 
-11.16 -12.61 -15.22 -18.50 

POLICY ITERATION[1]
(R,)  (R,)  (R,)  (  )  
(U,)  (  )  (U,)  (  )  
(U,)  (L,)  (L,)  (D,)  
(U,)  (L,)  (L,)  (L,)  

_____________________________________
POLICY EVALUTION[2]
ITER[0] ->
0.00, 0.00, 0.00, 50.00, 
0.00, XX.XX 0.00, -50.00, 
0.00, 0.00, 0.00, 0.00, 
0.00, 0.00, 0.00, 0.00, 

ITER[1] ->
-1.00 -1.00 31.20 50.00 
-1.00 XX.XX -7.60 -50.00 
-1.00 -1.00 -1.00 -1.00 
-1.00 -1.00 -1.00 -1.00 

ITER[2] ->
-1.90 18.39 34.39 50.00 
-1.90 XX.XX 11.03 -50.00 
-1.90 -1.90 -2.79 -1.90 
-1.90 -1.90 -1.90 -1.90 

ITER[3] ->
10.07 25.63 37.33 50.00 
-2.71 XX.XX 15.55 -50.00 
-2.71 -2.71 -0.96 -2.83 
-2.71 -2.71 -2.83 -2.71 

ITER[4] ->
16.14 29.44 38.34 50.00 
4.61 XX.XX 18.02 -50.00 
-3.44 -3.44 -0.99 -3.22 
-3.44 -3.44 -3.22 -3.53 

ITER[5] ->
20.35 31.10 38.81 50.00 
10.41 XX.XX 18.99 -50.00 
0.98 -4.10 -1.17 -3.79 
-4.10 -4.10 -3.73 -3.94 

ITER[6] ->
22.75 31.85 39.00 50.00 
14.63 XX.XX 19.41 -50.00 
5.14 -1.49 -1.52 -4.15 
-1.49 -4.69 -4.24 -4.40 

ITER[7] ->
24.11 32.17 39.09 50.00 
17.28 XX.XX 19.59 -50.00 
8.71 1.40 0.11 -4.54 
1.40 -2.77 -4.73 -4.83 

ITER[8] ->
24.85 32.31 39.12 50.00 
18.85 XX.XX 19.67 -50.00 
11.25 4.30 1.89 -4.64 
4.30 -0.30 -3.37 -5.24 

ITER[9] ->
25.26 32.37 39.14 50.00 
19.75 XX.XX 19.70 -50.00 
12.98 6.63 3.91 -4.67 
6.63 2.25 -1.39 -4.46 

ITER[10] ->
25.47 32.40 39.14 50.00 
20.24 XX.XX 19.72 -50.00 
14.09 8.38 5.65 -3.91 
8.38 4.38 0.76 -3.11 

ITER[11] ->
25.58 32.41 39.15 50.00 
20.51 XX.XX 19.72 -50.00 
14.79 9.60 7.04 -2.72 
9.60 6.00 2.62 -1.47 

ITER[12] ->
25.64 32.41 39.15 50.00 
20.65 XX.XX 19.72 -50.00 
15.21 10.42 8.06 -1.34 
10.42 7.15 4.08 0.09 

ITER[13] ->
25.67 32.41 39.15 50.00 
20.73 XX.XX 19.73 -50.00 
15.47 10.96 8.78 -0.04 
10.96 7.94 5.15 1.40 

ITER[14] ->
25.68 32.41 39.15 50.00 
20.77 XX.XX 19.73 -50.00 
15.63 11.30 9.26 1.06 
11.30 8.45 5.88 2.43 

ITER[15] ->
25.69 32.42 39.15 50.00 
20.79 XX.XX 19.73 -50.00 
15.72 11.51 9.57 1.92 
11.51 8.78 6.37 3.18 

ITER[16] ->
25.70 32.42 39.15 50.00 
20.80 XX.XX 19.73 -50.00 
15.77 11.64 9.78 2.55 
11.64 8.99 6.69 3.70 

ITER[17] ->
25.70 32.42 39.15 50.00 
20.80 XX.XX 19.73 -50.00 
15.80 11.72 9.90 3.00 
11.72 9.12 6.89 4.06 

ITER[18] ->
25.70 32.42 39.15 50.00 
20.81 XX.XX 19.73 -50.00 
15.82 11.77 9.98 3.30 
11.77 9.20 7.01 4.29 

ITER[19] ->
25.70 32.42 39.15 50.00 
20.81 XX.XX 19.73 -50.00 
15.83 11.80 10.03 3.50 
11.80 9.25 7.09 4.44 

ITER[20] ->
25.70 32.42 39.15 50.00 
20.81 XX.XX 19.73 -50.00 
15.84 11.82 10.05 3.62 
11.82 9.27 7.14 4.54 

ITER[21] ->
25.70 32.42 39.15 50.00 
20.81 XX.XX 19.73 -50.00 
15.84 11.83 10.07 3.71 
11.83 9.29 7.16 4.60 

POLICY ITERATION[2]
(R,)  (R,)  (R,)  (  )  
(U,)  (  )  (U,)  (  )  
(U,)  (L,)  (U,)  (D,)  
(U,)  (L,)  (U,)  (L,)  

_____________________________________
POLICY EVALUTION[3]
ITER[0] ->
0.00, 0.00, 0.00, 50.00, 
0.00, XX.XX 0.00, -50.00, 
0.00, 0.00, 0.00, 0.00, 
0.00, 0.00, 0.00, 0.00, 

ITER[1] ->
-1.00 -1.00 31.20 50.00 
-1.00 XX.XX -7.60 -50.00 
-1.00 -1.00 -1.00 -1.00 
-1.00 -1.00 -1.00 -1.00 

ITER[2] ->
-1.90 18.39 34.39 50.00 
-1.90 XX.XX 11.03 -50.00 
-1.90 -1.90 -6.06 -1.90 
-1.90 -1.90 -1.90 -1.90 

ITER[3] ->
10.07 25.63 37.33 50.00 
-2.71 XX.XX 15.55 -50.00 
-2.71 -2.71 5.44 -3.27 
-2.71 -2.71 -5.33 -2.71 

ITER[4] ->
16.14 29.44 38.34 50.00 
4.61 XX.XX 18.02 -50.00 
-3.44 -3.44 7.99 -2.42 
-3.44 -3.44 1.69 -5.17 

ITER[5] ->
20.35 31.10 38.81 50.00 
10.41 XX.XX 18.99 -50.00 
0.98 -4.10 9.56 -3.50 
-4.10 -4.10 2.87 -0.96 

ITER[6] ->
22.75 31.85 39.00 50.00 
14.63 XX.XX 19.41 -50.00 
5.14 -1.49 9.94 -0.78 
-1.49 -4.69 4.34 0.21 

ITER[7] ->
24.11 32.17 39.09 50.00 
17.28 XX.XX 19.59 -50.00 
8.71 1.40 10.92 0.37 
1.40 -2.77 4.66 1.66 

ITER[8] ->
24.85 32.31 39.12 50.00 
18.85 XX.XX 19.67 -50.00 
11.25 4.30 11.58 1.57 
4.30 -0.30 5.73 2.21 

ITER[9] ->
25.26 32.37 39.14 50.00 
19.75 XX.XX 19.70 -50.00 
12.98 6.63 12.18 2.16 
6.63 2.25 6.55 3.12 

ITER[10] ->
25.47 32.40 39.14 50.00 
20.24 XX.XX 19.72 -50.00 
14.09 8.38 12.60 2.90 
8.38 4.38 7.40 3.84 

ITER[11] ->
25.58 32.41 39.15 50.00 
20.51 XX.XX 19.72 -50.00 
14.79 9.60 12.94 3.51 
9.60 6.00 8.05 4.57 

ITER[12] ->
25.64 32.41 39.15 50.00 
20.65 XX.XX 19.72 -50.00 
15.21 10.42 13.19 4.10 
10.42 7.15 8.58 5.16 

ITER[13] ->
25.67 32.41 39.15 50.00 
20.73 XX.XX 19.73 -50.00 
15.47 10.96 13.39 4.59 
10.96 7.94 8.97 5.66 

ITER[14] ->
25.68 32.41 39.15 50.00 
20.77 XX.XX 19.73 -50.00 
15.63 11.30 13.53 4.99 
11.30 8.45 9.27 6.04 

ITER[15] ->
25.69 32.42 39.15 50.00 
20.79 XX.XX 19.73 -50.00 
15.72 11.51 13.63 5.30 
11.51 8.78 9.48 6.33 

ITER[16] ->
25.70 32.42 39.15 50.00 
20.80 XX.XX 19.73 -50.00 
15.77 11.64 13.70 5.54 
11.64 8.99 9.62 6.54 

ITER[17] ->
25.70 32.42 39.15 50.00 
20.80 XX.XX 19.73 -50.00 
15.80 11.72 13.75 5.72 
11.72 9.12 9.73 6.69 

ITER[18] ->
25.70 32.42 39.15 50.00 
20.81 XX.XX 19.73 -50.00 
15.82 11.77 13.78 5.85 
11.77 9.20 9.80 6.80 

ITER[19] ->
25.70 32.42 39.15 50.00 
20.81 XX.XX 19.73 -50.00 
15.83 11.80 13.81 5.94 
11.80 9.25 9.84 6.88 

POLICY ITERATION[3]
(R,)  (R,)  (R,)  (  )  
(U,)  (  )  (U,)  (  )  
(U,)  (L,)  (U,)  (D,)  
(U,)  (U,)  (U,)  (L,)  

_____________________________________
POLICY EVALUTION[4]
ITER[0] ->
0.00, 0.00, 0.00, 50.00, 
0.00, XX.XX 0.00, -50.00, 
0.00, 0.00, 0.00, 0.00, 
0.00, 0.00, 0.00, 0.00, 

ITER[1] ->
-1.00 -1.00 31.20 50.00 
-1.00 XX.XX -7.60 -50.00 
-1.00 -1.00 -1.00 -1.00 
-1.00 -1.00 -1.00 -1.00 

ITER[2] ->
-1.90 18.39 34.39 50.00 
-1.90 XX.XX 11.03 -50.00 
-1.90 -1.90 -6.06 -1.90 
-1.90 -1.90 -1.90 -1.90 

ITER[3] ->
10.07 25.63 37.33 50.00 
-2.71 XX.XX 15.55 -50.00 
-2.71 -2.71 5.44 -3.27 
-2.71 -2.71 -5.33 -2.71 

ITER[4] ->
16.14 29.44 38.34 50.00 
4.61 XX.XX 18.02 -50.00 
-3.44 -3.44 7.99 -2.42 
-3.44 -3.79 1.69 -5.17 

ITER[5] ->
20.35 31.10 38.81 50.00 
10.41 XX.XX 18.99 -50.00 
0.98 -4.14 9.56 -3.50 
-4.14 -3.40 2.82 -0.96 

ITER[6] ->
22.75 31.85 39.00 50.00 
14.63 XX.XX 19.41 -50.00 
5.13 -1.40 9.93 -0.78 
-1.40 -3.79 4.44 0.18 

ITER[7] ->
24.11 32.17 39.09 50.00 
17.28 XX.XX 19.59 -50.00 
8.72 1.53 10.93 0.35 
1.53 -1.47 4.77 1.71 

ITER[8] ->
24.85 32.31 39.12 50.00 
18.85 XX.XX 19.67 -50.00 
11.27 4.50 11.60 1.60 
4.50 0.82 5.92 2.28 

ITER[9] ->
25.26 32.37 39.14 50.00 
19.75 XX.XX 19.70 -50.00 
13.01 6.82 12.22 2.22 
6.82 3.24 6.72 3.25 

ITER[10] ->
25.47 32.40 39.14 50.00 
20.24 XX.XX 19.72 -50.00 
14.12 8.55 12.63 3.00 
8.55 5.12 7.57 3.98 

ITER[11] ->
25.58 32.41 39.15 50.00 
20.51 XX.XX 19.72 -50.00 
14.81 9.74 12.98 3.61 
9.74 6.57 8.19 4.71 

ITER[12] ->
25.64 32.41 39.15 50.00 
20.65 XX.XX 19.72 -50.00 
15.24 10.53 13.23 4.21 
10.53 7.56 8.70 5.28 

ITER[13] ->
25.67 32.41 39.15 50.00 
20.73 XX.XX 19.73 -50.00 
15.49 11.04 13.42 4.68 
11.04 8.23 9.07 5.76 

ITER[14] ->
25.68 32.41 39.15 50.00 
20.77 XX.XX 19.73 -50.00 
15.64 11.36 13.55 5.07 
11.36 8.67 9.34 6.12 

ITER[15] ->
25.69 32.42 39.15 50.00 
20.79 XX.XX 19.73 -50.00 
15.73 11.56 13.65 5.37 
11.56 8.95 9.53 6.40 

ITER[16] ->
25.70 32.42 39.15 50.00 
20.80 XX.XX 19.73 -50.00 
15.78 11.68 13.71 5.60 
11.68 9.13 9.67 6.59 

ITER[17] ->
25.70 32.42 39.15 50.00 
20.80 XX.XX 19.73 -50.00 
15.81 11.75 13.76 5.76 
11.75 9.24 9.76 6.74 

ITER[18] ->
25.70 32.42 39.15 50.00 
20.81 XX.XX 19.73 -50.00 
15.83 11.79 13.79 5.88 
11.79 9.31 9.83 6.84 

ITER[19] ->
25.70 32.42 39.15 50.00 
20.81 XX.XX 19.73 -50.00 
15.84 11.82 13.81 5.96 
11.82 9.35 9.87 6.91 

POLICY ITERATION[4]
(R,)  (R,)  (R,)  (  )  
(U,)  (  )  (U,)  (  )  
(U,)  (L,)  (U,)  (D,)  
(U,)  (U,)  (U,)  (L,)  

VALUE ITERATION
ITER[0] ->
0.00, 0.00, 0.00, 50.00, 
0.00, XX.XX 0.00, -50.00, 
0.00, 0.00, 0.00, 0.00, 
0.00, 0.00, 0.00, 0.00, 

ITER[1] ->
-1.00 -1.00 31.20 50.00 
-1.00 XX.XX -1.00 -50.00 
-1.00 -1.00 -1.00 -1.00 
-1.00 -1.00 -1.00 -1.00 

ITER[2] ->
-1.90 18.39 35.28 50.00 
-1.90 XX.XX 11.92 -50.00 
-1.90 -1.90 -1.90 -1.90 
-1.90 -1.90 -1.90 -1.90 

ITER[3] ->
10.07 26.19 37.57 50.00 
-2.71 XX.XX 16.23 -50.00 
-2.71 -2.71 6.00 -2.71 
-2.71 -2.71 -2.71 -2.71 

ITER[4] ->
16.49 29.74 38.46 50.00 
4.61 XX.XX 18.26 -50.00 
-3.44 2.05 8.50 -2.26 
-3.44 -3.44 2.05 -3.44 

ITER[5] ->
20.59 31.26 38.86 50.00 
10.64 XX.XX 19.10 -50.00 
1.72 4.16 10.48 -2.33 
-4.10 0.10 3.42 -0.48 

ITER[6] ->
22.91 31.92 39.02 50.00 
14.84 XX.XX 19.46 -50.00 
6.49 6.18 11.28 -0.20 
-0.46 1.73 5.55 0.78 

ITER[7] ->
24.21 32.20 39.10 50.00 
17.44 XX.XX 19.61 -50.00 
10.06 7.17 12.07 0.99 
3.26 3.58 6.45 2.57 

ITER[8] ->
24.91 32.32 39.13 50.00 
18.96 XX.XX 19.68 -50.00 
12.31 8.05 12.46 2.38 
6.26 4.83 7.43 3.54 

ITER[9] ->
25.29 32.38 39.14 50.00 
19.81 XX.XX 19.71 -50.00 
13.69 8.59 12.81 3.23 
8.26 5.92 7.98 4.48 

ITER[10] ->
25.49 32.40 39.14 50.00 
20.28 XX.XX 19.72 -50.00 
14.49 9.59 13.01 3.99 
9.54 6.60 8.47 5.07 

ITER[11] ->
25.59 32.41 39.15 50.00 
20.53 XX.XX 19.72 -50.00 
15.03 10.31 13.25 4.49 
10.31 7.47 8.77 5.56 

ITER[12] ->
25.64 32.41 39.15 50.00 
20.67 XX.XX 19.72 -50.00 
15.36 10.87 13.42 4.90 
10.87 8.07 9.11 5.88 

ITER[13] ->
25.67 32.41 39.15 50.00 
20.74 XX.XX 19.73 -50.00 
15.56 11.23 13.55 5.18 
11.23 8.54 9.34 6.19 

ITER[14] ->
25.69 32.41 39.15 50.00 
20.77 XX.XX 19.73 -50.00 
15.68 11.47 13.64 5.43 
11.47 8.85 9.53 6.42 

ITER[15] ->
25.69 32.42 39.15 50.00 
20.79 XX.XX 19.73 -50.00 
15.75 11.62 13.71 5.62 
11.62 9.06 9.66 6.60 

ITER[16] ->
25.70 32.42 39.15 50.00 
20.80 XX.XX 19.73 -50.00 
15.79 11.72 13.76 5.77 
11.72 9.19 9.75 6.73 

ITER[17] ->
25.70 32.42 39.15 50.00 
20.81 XX.XX 19.73 -50.00 
15.82 11.77 13.79 5.88 
11.77 9.28 9.82 6.83 

ITER[18] ->
25.70 32.42 39.15 50.00 
20.81 XX.XX 19.73 -50.00 
15.83 11.81 13.81 5.96 
11.81 9.33 9.86 6.90 

(R,)  (R,)  (R,)  (  )  
(U,)  (  )  (U,)  (  )  
(U,)  (L,)  (U,)  (D,)  
(U,)  (U,)  (U,)  (L,)  


[Done] exited with code=0 in 2.664 seconds

