[Running] cd "c:\Users\tirth\Desktop\GRAD_SCHOOL\CSCSI_7000\LAB2_CODE\Problem1\" && g++ RL_lab2RewardChange.cpp -o RL_lab2RewardChange && "c:\Users\tirth\Desktop\GRAD_SCHOOL\CSCSI_7000\LAB2_CODE\Problem1\"RL_lab2RewardChange
POLICY EVALUTION[1]
ITER[0] ->
0.00, 0.00, 0.00, 50.00, 
0.00, XX.XX 0.00, -50.00, 
0.00, 0.00, 0.00, 0.00, 
0.00, 0.00, 0.00, 0.00, 

ITER[1] ->
-1.00 -1.00 10.25 50.00 
-1.00 XX.XX -12.25 -50.00 
-1.00 -1.00 -1.00 -12.25 
-1.00 -1.00 -1.00 -1.00 

ITER[2] ->
-1.90 0.63 9.57 50.00 
-1.90 XX.XX -12.93 -50.00 
-1.90 -1.90 -6.96 -15.46 
-1.90 -1.90 -1.90 -4.43 

ITER[3] ->
-2.14 1.01 9.64 50.00 
-2.71 XX.XX -14.57 -50.00 
-2.71 -3.85 -8.24 -18.29 
-2.71 -2.71 -4.42 -6.90 

ITER[4] ->
-2.35 1.14 9.37 50.00 
-3.31 XX.XX -15.21 -50.00 
-3.70 -4.94 -10.25 -19.77 
-3.44 -4.08 -6.01 -9.21 

ITER[5] ->
-2.54 1.09 9.19 50.00 
-3.85 XX.XX -15.87 -50.00 
-4.46 -6.17 -11.34 -21.08 
-4.30 -5.16 -7.65 -10.95 

ITER[6] ->
-2.76 0.99 8.99 50.00 
-4.31 XX.XX -16.30 -50.00 
-5.22 -7.10 -12.42 -22.01 
-5.10 -6.24 -8.90 -12.39 

ITER[7] ->
-2.99 0.85 8.83 50.00 
-4.74 XX.XX -16.69 -50.00 
-5.89 -7.97 -13.22 -22.78 
-5.87 -7.15 -9.99 -13.53 

ITER[8] ->
-3.22 0.69 8.67 50.00 
-5.13 XX.XX -16.99 -50.00 
-6.51 -8.70 -13.92 -23.39 
-6.58 -7.97 -10.87 -14.46 

ITER[9] ->
-3.45 0.54 8.53 50.00 
-5.50 XX.XX -17.26 -50.00 
-7.06 -9.35 -14.49 -23.90 
-7.22 -8.68 -11.63 -15.22 

ITER[10] ->
-3.67 0.39 8.41 50.00 
-5.84 XX.XX -17.47 -50.00 
-7.55 -9.90 -14.98 -24.31 
-7.79 -9.30 -12.25 -15.84 

ITER[11] ->
-3.88 0.24 8.30 50.00 
-6.15 XX.XX -17.66 -50.00 
-7.99 -10.39 -15.39 -24.65 
-8.29 -9.83 -12.78 -16.36 

ITER[12] ->
-4.07 0.10 8.20 50.00 
-6.44 XX.XX -17.82 -50.00 
-8.39 -10.81 -15.73 -24.94 
-8.74 -10.29 -13.23 -16.78 

ITER[13] ->
-4.26 -0.03 8.11 50.00 
-6.70 XX.XX -17.95 -50.00 
-8.73 -11.17 -16.03 -25.18 
-9.14 -10.69 -13.61 -17.14 

ITER[14] ->
-4.43 -0.15 8.03 50.00 
-6.94 XX.XX -18.07 -50.00 
-9.04 -11.49 -16.28 -25.38 
-9.48 -11.04 -13.93 -17.44 

ITER[15] ->
-4.59 -0.26 7.96 50.00 
-7.15 XX.XX -18.17 -50.00 
-9.32 -11.77 -16.50 -25.55 
-9.79 -11.34 -14.21 -17.69 

ITER[16] ->
-4.73 -0.36 7.89 50.00 
-7.35 XX.XX -18.26 -50.00 
-9.55 -12.01 -16.68 -25.69 
-10.05 -11.60 -14.44 -17.91 

ITER[17] ->
-4.86 -0.45 7.84 50.00 
-7.52 XX.XX -18.34 -50.00 
-9.77 -12.21 -16.84 -25.81 
-10.28 -11.82 -14.64 -18.09 

ITER[18] ->
-4.98 -0.53 7.79 50.00 
-7.68 XX.XX -18.40 -50.00 
-9.95 -12.39 -16.98 -25.92 
-10.48 -12.02 -14.81 -18.24 

ITER[19] ->
-5.09 -0.61 7.74 50.00 
-7.81 XX.XX -18.46 -50.00 
-10.11 -12.55 -17.09 -26.00 
-10.66 -12.18 -14.96 -18.37 

ITER[20] ->
-5.18 -0.68 7.70 50.00 
-7.94 XX.XX -18.51 -50.00 
-10.26 -12.69 -17.19 -26.08 
-10.81 -12.33 -15.09 -18.48 

ITER[21] ->
-5.27 -0.74 7.67 50.00 
-8.05 XX.XX -18.55 -50.00 
-10.38 -12.80 -17.28 -26.15 
-10.95 -12.46 -15.20 -18.58 

ITER[22] ->
-5.35 -0.79 7.64 50.00 
-8.14 XX.XX -18.59 -50.00 
-10.49 -12.91 -17.36 -26.20 
-11.06 -12.57 -15.29 -18.66 

ITER[23] ->
-5.42 -0.84 7.61 50.00 
-8.23 XX.XX -18.62 -50.00 
-10.59 -13.00 -17.42 -26.25 
-11.17 -12.66 -15.37 -18.73 

ITER[24] ->
-5.48 -0.89 7.58 50.00 
-8.30 XX.XX -18.65 -50.00 
-10.67 -13.08 -17.48 -26.29 
-11.26 -12.74 -15.44 -18.80 

POLICY ITERATION[1]
(R,)  (R,)  (R,)  (  )  
(U,)  (  )  (U,)  (  )  
(U,)  (L,)  (L,)  (D,)  
(U,)  (L,)  (L,)  (L,)  

_____________________________________
POLICY EVALUTION[2]
ITER[0] ->
0.00, 0.00, 0.00, 50.00, 
0.00, XX.XX 0.00, -50.00, 
0.00, 0.00, 0.00, 0.00, 
0.00, 0.00, 0.00, 0.00, 

ITER[1] ->
-1.00 -1.00 30.50 50.00 
-1.00 XX.XX -7.75 -50.00 
-1.00 -1.00 -1.00 -1.00 
-1.00 -1.00 -1.00 -1.00 

ITER[2] ->
-1.90 17.94 33.57 50.00 
-1.90 XX.XX 10.42 -50.00 
-1.90 -1.90 -2.81 -1.90 
-1.90 -1.90 -1.90 -1.90 

ITER[3] ->
9.79 25.00 36.44 50.00 
-2.71 XX.XX 14.81 -50.00 
-2.71 -2.71 -1.05 -2.83 
-2.71 -2.71 -2.83 -2.71 

ITER[4] ->
15.70 28.71 37.42 50.00 
4.44 XX.XX 17.21 -50.00 
-3.44 -3.44 -1.09 -3.23 
-3.44 -3.44 -3.23 -3.53 

ITER[5] ->
19.80 30.32 37.87 50.00 
10.09 XX.XX 18.15 -50.00 
0.87 -4.10 -1.28 -3.81 
-4.10 -4.10 -3.75 -3.95 

ITER[6] ->
22.14 31.05 38.06 50.00 
14.20 XX.XX 18.56 -50.00 
4.92 -1.56 -1.64 -4.17 
-1.56 -4.69 -4.26 -4.41 

ITER[7] ->
23.47 31.36 38.14 50.00 
16.78 XX.XX 18.74 -50.00 
8.40 1.26 -0.05 -4.56 
1.26 -2.83 -4.75 -4.84 

ITER[8] ->
24.19 31.50 38.18 50.00 
18.31 XX.XX 18.81 -50.00 
10.88 4.08 1.68 -4.67 
4.08 -0.42 -3.43 -5.26 

ITER[9] ->
24.58 31.56 38.19 50.00 
19.19 XX.XX 18.84 -50.00 
12.56 6.35 3.65 -4.72 
6.35 2.06 -1.50 -4.50 

ITER[10] ->
24.79 31.58 38.20 50.00 
19.67 XX.XX 18.86 -50.00 
13.64 8.05 5.34 -3.98 
8.05 4.13 0.59 -3.19 

ITER[11] ->
24.90 31.59 38.20 50.00 
19.93 XX.XX 18.86 -50.00 
14.32 9.24 6.69 -2.83 
9.24 5.71 2.40 -1.60 

ITER[12] ->
24.96 31.60 38.20 50.00 
20.07 XX.XX 18.86 -50.00 
14.73 10.04 7.69 -1.48 
10.04 6.84 3.83 -0.08 

ITER[13] ->
24.98 31.60 38.20 50.00 
20.14 XX.XX 18.86 -50.00 
14.99 10.56 8.39 -0.21 
10.56 7.60 4.86 1.20 

ITER[14] ->
25.00 31.60 38.20 50.00 
20.18 XX.XX 18.87 -50.00 
15.14 10.89 8.86 0.86 
10.89 8.11 5.58 2.20 

ITER[15] ->
25.01 31.60 38.20 50.00 
20.20 XX.XX 18.87 -50.00 
15.23 11.10 9.16 1.70 
11.10 8.43 6.06 2.93 

ITER[16] ->
25.01 31.60 38.20 50.00 
20.21 XX.XX 18.87 -50.00 
15.28 11.23 9.36 2.31 
11.23 8.63 6.36 3.44 

ITER[17] ->
25.01 31.60 38.20 50.00 
20.21 XX.XX 18.87 -50.00 
15.31 11.31 9.48 2.74 
11.31 8.76 6.56 3.79 

ITER[18] ->
25.01 31.60 38.20 50.00 
20.22 XX.XX 18.87 -50.00 
15.33 11.35 9.56 3.03 
11.35 8.83 6.68 4.01 

ITER[19] ->
25.01 31.60 38.20 50.00 
20.22 XX.XX 18.87 -50.00 
15.34 11.38 9.60 3.23 
11.38 8.88 6.76 4.16 

ITER[20] ->
25.02 31.60 38.20 50.00 
20.22 XX.XX 18.87 -50.00 
15.34 11.40 9.63 3.35 
11.40 8.91 6.80 4.25 

ITER[21] ->
25.02 31.60 38.20 50.00 
20.22 XX.XX 18.87 -50.00 
15.35 11.41 9.65 3.43 
11.41 8.92 6.83 4.31 

POLICY ITERATION[2]
(R,)  (R,)  (R,)  (  )  
(U,)  (  )  (U,)  (  )  
(U,)  (L,)  (U,)  (D,)  
(U,)  (L,)  (U,)  (L,)  

_____________________________________
POLICY EVALUTION[3]
ITER[0] ->
0.00, 0.00, 0.00, 50.00, 
0.00, XX.XX 0.00, -50.00, 
0.00, 0.00, 0.00, 0.00, 
0.00, 0.00, 0.00, 0.00, 

ITER[1] ->
-1.00 -1.00 30.50 50.00 
-1.00 XX.XX -7.75 -50.00 
-1.00 -1.00 -1.00 -1.00 
-1.00 -1.00 -1.00 -1.00 

ITER[2] ->
-1.90 17.94 33.57 50.00 
-1.90 XX.XX 10.42 -50.00 
-1.90 -1.90 -6.15 -1.90 
-1.90 -1.90 -1.90 -1.90 

ITER[3] ->
9.79 25.00 36.44 50.00 
-2.71 XX.XX 14.81 -50.00 
-2.71 -2.71 5.05 -3.28 
-2.71 -2.71 -5.39 -2.71 

ITER[4] ->
15.70 28.71 37.42 50.00 
4.44 XX.XX 17.21 -50.00 
-3.44 -3.44 7.52 -2.47 
-3.44 -3.44 1.45 -5.20 

ITER[5] ->
19.80 30.32 37.87 50.00 
10.09 XX.XX 18.15 -50.00 
0.87 -4.10 9.04 -3.60 
-4.10 -4.10 2.57 -1.12 

ITER[6] ->
22.14 31.05 38.06 50.00 
14.20 XX.XX 18.56 -50.00 
4.92 -1.56 9.39 -0.97 
-1.56 -4.69 3.99 -0.02 

ITER[7] ->
23.47 31.36 38.14 50.00 
16.78 XX.XX 18.74 -50.00 
8.40 1.26 10.35 0.13 
1.26 -2.83 4.28 1.38 

ITER[8] ->
24.19 31.50 38.18 50.00 
18.31 XX.XX 18.81 -50.00 
10.88 4.08 10.99 1.28 
4.08 -0.42 5.33 1.90 

ITER[9] ->
24.58 31.56 38.19 50.00 
19.19 XX.XX 18.84 -50.00 
12.56 6.35 11.57 1.86 
6.35 2.06 6.12 2.79 

ITER[10] ->
24.79 31.58 38.20 50.00 
19.67 XX.XX 18.86 -50.00 
13.64 8.05 11.98 2.57 
8.05 4.13 6.95 3.48 

ITER[11] ->
24.90 31.59 38.20 50.00 
19.93 XX.XX 18.86 -50.00 
14.32 9.24 12.31 3.16 
9.24 5.71 7.57 4.19 

ITER[12] ->
24.96 31.60 38.20 50.00 
20.07 XX.XX 18.86 -50.00 
14.73 10.04 12.56 3.73 
10.04 6.84 8.09 4.76 

ITER[13] ->
24.98 31.60 38.20 50.00 
20.14 XX.XX 18.86 -50.00 
14.99 10.56 12.74 4.20 
10.56 7.60 8.48 5.25 

ITER[14] ->
25.00 31.60 38.20 50.00 
20.18 XX.XX 18.87 -50.00 
15.14 10.89 12.88 4.59 
10.89 8.11 8.76 5.62 

ITER[15] ->
25.01 31.60 38.20 50.00 
20.20 XX.XX 18.87 -50.00 
15.23 11.10 12.98 4.90 
11.10 8.43 8.97 5.90 

ITER[16] ->
25.01 31.60 38.20 50.00 
20.21 XX.XX 18.87 -50.00 
15.28 11.23 13.04 5.13 
11.23 8.63 9.11 6.11 

ITER[17] ->
25.01 31.60 38.20 50.00 
20.21 XX.XX 18.87 -50.00 
15.31 11.31 13.09 5.30 
11.31 8.76 9.21 6.26 

ITER[18] ->
25.01 31.60 38.20 50.00 
20.22 XX.XX 18.87 -50.00 
15.33 11.35 13.13 5.42 
11.35 8.83 9.28 6.36 

ITER[19] ->
25.01 31.60 38.20 50.00 
20.22 XX.XX 18.87 -50.00 
15.34 11.38 13.15 5.51 
11.38 8.88 9.32 6.43 

POLICY ITERATION[3]
(R,)  (R,)  (R,)  (  )  
(U,)  (  )  (U,)  (  )  
(U,)  (L,)  (U,)  (D,)  
(U,)  (U,)  (U,)  (L,)  

_____________________________________
POLICY EVALUTION[4]
ITER[0] ->
0.00, 0.00, 0.00, 50.00, 
0.00, XX.XX 0.00, -50.00, 
0.00, 0.00, 0.00, 0.00, 
0.00, 0.00, 0.00, 0.00, 

ITER[1] ->
-1.00 -1.00 30.50 50.00 
-1.00 XX.XX -7.75 -50.00 
-1.00 -1.00 -1.00 -1.00 
-1.00 -1.00 -1.00 -1.00 

ITER[2] ->
-1.90 17.94 33.57 50.00 
-1.90 XX.XX 10.42 -50.00 
-1.90 -1.90 -6.15 -1.90 
-1.90 -1.90 -1.90 -1.90 

ITER[3] ->
9.79 25.00 36.44 50.00 
-2.71 XX.XX 14.81 -50.00 
-2.71 -2.71 5.05 -3.28 
-2.71 -2.71 -5.39 -2.71 

ITER[4] ->
15.70 28.71 37.42 50.00 
4.44 XX.XX 17.21 -50.00 
-3.44 -3.44 7.52 -2.47 
-3.44 -3.80 1.45 -5.20 

ITER[5] ->
19.80 30.32 37.87 50.00 
10.09 XX.XX 18.15 -50.00 
0.87 -4.14 9.04 -3.60 
-4.14 -3.44 2.52 -1.12 

ITER[6] ->
22.14 31.05 38.06 50.00 
14.20 XX.XX 18.56 -50.00 
4.91 -1.48 9.39 -0.97 
-1.48 -3.83 4.08 -0.05 

ITER[7] ->
23.47 31.36 38.14 50.00 
16.78 XX.XX 18.74 -50.00 
8.41 1.38 10.36 0.11 
1.38 -1.58 4.39 1.43 

ITER[8] ->
24.19 31.50 38.18 50.00 
18.31 XX.XX 18.81 -50.00 
10.89 4.27 11.00 1.32 
4.27 0.65 5.51 1.97 

ITER[9] ->
24.58 31.56 38.19 50.00 
19.19 XX.XX 18.84 -50.00 
12.59 6.53 11.60 1.91 
6.53 3.01 6.29 2.91 

ITER[10] ->
24.79 31.58 38.20 50.00 
19.67 XX.XX 18.86 -50.00 
13.67 8.22 12.01 2.66 
8.22 4.84 7.11 3.61 

ITER[11] ->
24.90 31.59 38.20 50.00 
19.93 XX.XX 18.86 -50.00 
14.34 9.37 12.35 3.26 
9.37 6.25 7.71 4.33 

ITER[12] ->
24.96 31.60 38.20 50.00 
20.07 XX.XX 18.86 -50.00 
14.76 10.15 12.59 3.83 
10.15 7.21 8.21 4.88 

ITER[13] ->
24.98 31.60 38.20 50.00 
20.14 XX.XX 18.86 -50.00 
15.00 10.64 12.77 4.29 
10.64 7.87 8.56 5.35 

ITER[14] ->
25.00 31.60 38.20 50.00 
20.18 XX.XX 18.87 -50.00 
15.15 10.95 12.90 4.67 
10.95 8.30 8.83 5.70 

ITER[15] ->
25.01 31.60 38.20 50.00 
20.20 XX.XX 18.87 -50.00 
15.24 11.14 12.99 4.96 
11.14 8.57 9.02 5.96 

ITER[16] ->
25.01 31.60 38.20 50.00 
20.21 XX.XX 18.87 -50.00 
15.29 11.26 13.06 5.18 
11.26 8.74 9.15 6.15 

ITER[17] ->
25.01 31.60 38.20 50.00 
20.21 XX.XX 18.87 -50.00 
15.31 11.33 13.10 5.34 
11.33 8.85 9.24 6.29 

ITER[18] ->
25.01 31.60 38.20 50.00 
20.22 XX.XX 18.87 -50.00 
15.33 11.37 13.14 5.45 
11.37 8.91 9.30 6.39 

ITER[19] ->
25.01 31.60 38.20 50.00 
20.22 XX.XX 18.87 -50.00 
15.34 11.40 13.16 5.54 
11.40 8.96 9.34 6.46 

POLICY ITERATION[4]
(R,)  (R,)  (R,)  (  )  
(U,)  (  )  (U,)  (  )  
(U,)  (L,)  (U,)  (D,)  
(U,)  (U,)  (U,)  (L,)  

VALUE ITERATION
ITER[0] ->
0.00, 0.00, 0.00, 50.00, 
0.00, XX.XX 0.00, -50.00, 
0.00, 0.00, 0.00, 0.00, 
0.00, 0.00, 0.00, 0.00, 

ITER[1] ->
-1.00 -1.00 30.50 50.00 
-1.00 XX.XX -1.00 -50.00 
-1.00 -1.00 -1.00 -1.00 
-1.00 -1.00 -1.00 -1.00 

ITER[2] ->
-1.90 17.94 34.48 50.00 
-1.90 XX.XX 11.33 -50.00 
-1.90 -1.90 -1.90 -1.90 
-1.90 -1.90 -1.90 -1.90 

ITER[3] ->
9.79 25.57 36.68 50.00 
-2.71 XX.XX 15.50 -50.00 
-2.71 -2.71 5.62 -2.71 
-2.71 -2.71 -2.71 -2.71 

ITER[4] ->
16.06 29.02 37.55 50.00 
4.44 XX.XX 17.45 -50.00 
-3.44 1.81 8.04 -2.31 
-3.44 -3.44 1.81 -3.44 

ITER[5] ->
20.05 30.49 37.92 50.00 
10.32 XX.XX 18.26 -50.00 
1.58 3.84 9.93 -2.39 
-4.10 -0.08 3.13 -0.64 

ITER[6] ->
22.31 31.12 38.08 50.00 
14.42 XX.XX 18.61 -50.00 
6.23 5.76 10.70 -0.38 
-0.57 1.48 5.16 0.57 

ITER[7] ->
23.57 31.40 38.15 50.00 
16.95 XX.XX 18.76 -50.00 
9.70 6.72 11.45 0.75 
3.05 3.25 6.02 2.27 

ITER[8] ->
24.25 31.51 38.18 50.00 
18.42 XX.XX 18.82 -50.00 
11.89 7.56 11.82 2.08 
5.96 4.46 6.96 3.20 

ITER[9] ->
24.61 31.56 38.20 50.00 
19.25 XX.XX 18.85 -50.00 
13.23 8.11 12.16 2.89 
7.90 5.51 7.48 4.10 

ITER[10] ->
24.81 31.59 38.20 50.00 
19.70 XX.XX 18.86 -50.00 
14.01 9.17 12.36 3.61 
9.15 6.19 7.96 4.66 

ITER[11] ->
24.91 31.59 38.20 50.00 
19.95 XX.XX 18.86 -50.00 
14.54 9.90 12.61 4.09 
9.90 7.09 8.25 5.13 

ITER[12] ->
24.96 31.60 38.20 50.00 
20.08 XX.XX 18.86 -50.00 
14.87 10.46 12.77 4.48 
10.46 7.69 8.59 5.44 

ITER[13] ->
24.99 31.60 38.20 50.00 
20.15 XX.XX 18.87 -50.00 
15.07 10.82 12.90 4.76 
10.82 8.16 8.82 5.75 

ITER[14] ->
25.00 31.60 38.20 50.00 
20.18 XX.XX 18.87 -50.00 
15.19 11.05 12.99 5.01 
11.05 8.46 9.01 5.97 

ITER[15] ->
25.01 31.60 38.20 50.00 
20.20 XX.XX 18.87 -50.00 
15.26 11.20 13.05 5.19 
11.20 8.67 9.13 6.16 

ITER[16] ->
25.01 31.60 38.20 50.00 
20.21 XX.XX 18.87 -50.00 
15.30 11.29 13.10 5.34 
11.29 8.80 9.23 6.29 

ITER[17] ->
25.01 31.60 38.20 50.00 
20.21 XX.XX 18.87 -50.00 
15.32 11.35 13.13 5.45 
11.35 8.89 9.29 6.38 

ITER[18] ->
25.01 31.60 38.20 50.00 
20.22 XX.XX 18.87 -50.00 
15.34 11.38 13.15 5.53 
11.38 8.94 9.33 6.45 

(R,)  (R,)  (R,)  (  )  
(U,)  (  )  (U,)  (  )  
(U,)  (L,)  (U,)  (D,)  
(U,)  (U,)  (U,)  (L,)  


[Done] exited with code=0 in 3.523 seconds

